BTC: 0.00008288
ETH: 0.37895131
