bitcoin: 0.00008288
ethereum: 0.37895131
